2145.58,2139.32,2150.72,2129.65,13755.66,7007170,6957529
2130.38,2144.11,2145.08,2126.98,6552.67,6957529,6908757
2115.44,2119.14,2119.14,2105.19,11945.36,6908757,6857112
2099.63,2104.65,2105.65,2089.03,8950.19,6857112,6827401
2090.53,2089.19,2097.83,2083.32,10030.35,6827401,6893507
2110.77,2095.18,2112.87,2095.18,9490.12,6893507,6863824
2101.68,2099.55,2101.68,2081.89,7133.54,6863824,6935025
2123.49,2113.3,2126.19,2113.3,8337.13,6935025,6957004
2130.22,2123.41,2136.65,2122.72,9607.12,6957004,6954314
2129.39,2133.69,2140.42,2126.57,8344.8,6954314,6923294
2119.89,2128.67,2128.67,2116.98,11400.17,6923294,6948675
2127.67,2122.27,2132.55,2116.27,1332.74,6948675,6939671
2124.91,2130.21,2135.33,2118.21,9387.82,6939671,6910567
2116,2118.47,2118.97,2109.22,6621.03,6910567,7001972
2143.98,2117.36,2148.88,2117.56,9722.14,7001972,7104534
2175.39,2169.91,2183.03,2159.7,15528.03,7104534,7150690
2189.52,2167.72,2209.58,2164.22,13806.15,7150690,7291294
2232.57,2180.23,2232.93,2179.92,22264.2,7291294,7534289
2306.98,2231.64,2308.11,2231.64,30430.02,7534289,7679047
2351.3,2333.81,2389.95,2333.81,37126.72,7679047,7583224
2321.96,2314.66,2342.82,2288.82,21964.18,7583224,7564972
2316.37,2277.03,2348.9,2277.03,17900.34,7564972,7492431
2294.16,2291.98,2299.84,2259.7,10701.54,7492431,7577802
2320.3,2292.51,2321.74,2291.51,13788.14,7577802,7689994
2354.66,2328.3,2366.92,2328.3,14099.12,7689994,7721201
2364.21,2354.96,2366.88,2349.98,20526.26,7721201,7651034
2342.73,2362.86,2377.58,2329.46,22777.93,7651034,7558445
2314.38,2325.04,2326.87,2303.79,7580.79,7558445,7442228
2278.79,2293.46,2304.09,2269.38,9568.87,7442228,7542537
2309.5,2266.21,2319.93,2265.27,10028.86,7542537,7555367
2313.43,2309.5,2331.87,2306,7353,7555367,7491073
2293.75,2286.61,2293.75,2283.99,554.62,7491073,7540243
2308.8,2286.26,2323.45,2286.26,11308.48,7540243,7571765
2318.45,2314.95,2329.57,2310.32,14575.07,7571765,7572758
2318.76,2297.7,2321.42,2295.42,11807.46,7572758,7699410
2357.54,2343.17,2360.11,2334.4,13104.9,7699410,7695053
2356.2,2357.44,2362.64,2347.57,12004.98,7695053,7671125
2348.88,2347.96,2360.4,2345.52,12372.79,7671125,7624067
2334.47,2336.24,2336.38,2325.6,13076.7,7624067,7707276
2359.95,2338.56,2362.24,2338.56,15278.98,7707276,7824805
2395.93,2364.53,2395.93,2364.46,21928.76,7824805,7885996
2414.67,2414.01,2427.21,2410.47,17016.62,7885996,7818521
2394.01,2389.1,2403.52,2387.85,14195.23,7818521,7691829
2355.22,2363.33,2386.29,2354.46,33991.47,7691829,7684047
2352.83,2355.65,2360.07,2330.13,10613.89,7684047,7683422
2352.64,2348.2,2366.22,2348.2,13449.29,7683422,7657051
2344.57,2354.13,2358.9,2334.73,15898.33,7657051,8047477
2354,2313.05,2354.72,2311.33,7023.37,8047477,8252419
2413.94,2374.24,2414.43,2372.34,14777.92,8252419,8240579
2410.48,2400.54,2414.28,2392.8,11864.69,8240579,8253498
2414.26,2401.4,2418.61,2401.66,12303.44,8253498,8202071
2399.22,2403.47,2425.02,2390.3,11741.14,8202071,8205234
2398.58,2401.62,2403.72,2384.5,9315.59,8205234,8244114
2409.95,2392.36,2420.97,2392.36,15117.83,8244114,8417451
2460.62,2440.2,2472.98,2440.68,21782.68,8417451,8605744
2515.66,2466.63,2515.66,2466.42,32942.87,8605744,8664396
2532.81,2522.63,2536.76,2512.55,27729.57,8664396,8652239
2529.25,2515.63,2529.28,2513.63,15787.04,8652239,8842581
2584.89,2526.1,2586.49,2526.1,26852.09,8842581,8833337
2582.19,2610.49,2644.69,2573.09,36686.2,8833337,8731218
2558.51,2576.99,2582.27,2545.19,17685.99,8731218,8672570
2533.15,2538.48,2542.61,2528.73,8971.03,8672570,8786879
2568.28,2533.36,2574.84,2533.88,16165.04,8786879,8721255
2549.1,2576.04,2587.71,2543.29,15790.41,8721255,8644911
2526.79,2529.6,2529.6,2497.09,14324.51,8644911,8653513
2529.3,2514.77,2543.45,2514.77,12662.6,8653513,8650388
2528.39,2524.47,2535.54,2518.51,8029.36,8650388,8836217
2582.71,2540.53,2583.2,2540.53,23521.55,8836217,8936996
2612.16,2594.9,2615.4,2594.9,33085.81,8936996,9005163
2632.09,2615.65,2652.48,2593.68,27946.49,9005163,9049588
2645.07,2662.04,2666.32,2636.45,21689.33,9049588,9057724
2647.45,2628.06,2655.32,2628.06,12793.76,9057724,8894378
2599.71,2620.96,2621.65,2592.38,15656.22,8894378,8870906
2592.84,2586.9,2619.04,2586.9,17825.26,8870906,9021130
2636.75,2596.47,2637.29,2596.22,26885.26,9021130,8972814
2622.63,2621.75,2640.82,2612.38,15983.64,8972814,8990034
2627.66,2608.55,2631.44,2608.55,9523.8,8990034,8862255
2590.32,2619.98,2621.52,2576.9,13725.55,8862255,8811257
2575.41,2570.59,2577.98,2561.74,10937.59,8811257,8857803
2586.43,2574.09,2588.6,2561.45,11762.09,8857803,8839396
2581.06,2576.02,2594.91,2564.74,14607.51,8839396,8800544
2569.71,2575.01,2585.04,2565.73,11331.48,8800544,8621510
2517.43,2559.38,2561.86,2506.81,15519.61,8621510,8624269
2518.24,2480.04,2518.24,2441.49,19770.2,8624269,8617479
2516.26,2516.67,2532.27,2510.57,9693,8617479,8822216
2576.04,2521.64,2578.97,2521.69,15901.53,8822216,8985718
2623.78,2617.16,2631.59,2607.99,27586.3,8985718,8954855
2614.77,2598.41,2617.88,2595.97,12671.78,8954855,8967525
2618.47,2618.52,2622.07,2605.34,11867.76,8967525,8954876
2614.77,2613.69,2620.08,2606.27,12821.37,8954876,9055948
2644.29,2630.22,2648.17,2628.89,19847.36,9055948,9121979
2663.57,2649.79,2672.08,2647.98,20775.89,9121979,9126608
2664.92,2664.18,2666.46,2648.78,17028.35,9126608,9093800
2655.34,2664.61,2665.38,2651.46,11848.8,9093800,9103506
2658.17,2646.84,2659.97,2643.25,12763.56,9103506,8983403
2623.1,2637.94,2640.67,2601.24,12612.59,8983403,8993867
2626.16,2611.93,2635.32,2611.93,8583.64,8993867,8909633
2601.56,2623.61,2625.76,2593.57,8936.89,8909633,8881275
2593.28,2587.16,2594.26,2573.88,8444.4,8881275,8924501
2605.91,2599.78,2616.69,2591.27,12042.61,8924501,8920886
2604.85,2597,2604.85,2596.02,853.59,8920886,8796915
2568.65,2569.8,2575.7,2556.55,10647.34,8796915,8858366
2586.59,2564.76,2587.87,2561.02,9435.11,8858366,8856927
2586.17,2584.6,2596.17,2574.14,9259.96,8856927,8903782
2599.86,2599.99,2604.49,2591.04,8061.45,8903782,9015210
2632.39,2612.17,2637.88,2612.17,21043.64,9015210,9048290
2642.05,2631.85,2646.91,2631.37,19097.96,9048290,9115563
2661.69,2646.53,2665.34,2646.53,31717.59,9115563,9104590
2658.49,2665.98,2668.92,2646.98,114106.31,9104590,9038835
2639.29,2656.3,2658.6,2632.79,14464.51,9038835,8952370
2614.04,2624.44,2628.57,2611.27,23211.98,8952370,8932764
2608.32,2596.97,2608.76,2596.06,7659.9,8932764,8915216
2603.19,2604.64,2612.33,2599.31,8291.54,8915216,8887861
2595.21,2596.68,2596.76,2574.4,13964.28,8887861,8909221
2601.44,2583.13,2603.54,2580.81,6009.68,8909221,9010128
2630.91,2618.85,2633.68,2612.62,21186.11,9010128,9036934
2638.74,2628.69,2649.91,2628.69,17492.3,9036934,9001099
2628.27,2633.95,2645.25,2622.6,20916.05,9001099,9025330
2635.35,2624.99,2639.27,2625.05,12965.81,9025330,9181944
2681.08,2638.97,2681.19,2638.97,18584.47,9181944,9151037
2672.05,2685.51,2695.92,2669.21,12756.12,9151037,9119810
2662.93,2665.62,2668.18,2655.86,34149.44,9119810,9249116
2700.69,2644.75,2703.64,2644.52,21591.33,9249116,9309511
2718.33,2670,2723.49,2670,27747.36,9309511,9272577
2707.54,2695.2,2726.11,2695.2,20803.15,9272577,9186318
2682.35,2696.54,2699.67,2671.23,12919.54,9186318,9214372
2690.55,2695.45,2698.62,2682.02,14676.2,9214372,9144392
2670.11,2676.3,2684.54,2668.41,9866.02,9144392,9198805
2686,2659.46,2686,2659.34,12785.25,9198805,9195875
2685.15,2682.34,2698.1,2682.34,7357.72,9195875,9163083
2675.57,2681.99,2683.81,2664.99,9318.47,9163083,9129588
2665.79,2664.24,2672.28,2656.72,8960.97,9129588,9105585
2658.78,2664.13,2678.22,2656,9303.68,9105585,9031503
2637.15,2646.96,2649.59,2622.01,9367.32,9031503,8971528
2621.53,2617.18,2625.27,2607.46,8909.11,8971528,9028274
2638.11,2619.24,2642.55,2618.47,16260.93,9028274,9016103
2634.55,2645.28,2649.05,2626.92,14690.34,9016103,9450339
2761.44,2638.82,2761.88,2638.63,47006.5,9450339,9547150
2789.73,2790.31,2820.77,2774.04,34980.5,9547150,9492499
2773.76,2760.55,2787.87,2759.25,16067.55,9492499,9633011
2814.82,2793.65,2818.07,2793.65,24089.82,9633011,9562766
2794.29,2808.63,2813.08,2779.76,18747.66,9562766,9552284
2791.23,2785.62,2793.75,2781.4,15107,9552284,9586924
2801.35,2791.48,2801.64,2775.42,18452.93,9586924,9589856
2802.21,2790.08,2812.56,2790.08,12484.56,9589856,9677125
2827.71,2807.18,2833.93,2807.18,18211.77,9677125,9701400
2834.8,2826.95,2842.5,2825.08,25048.79,9701400,9841630
2875.78,2849.98,2878.6,2849.98,27874.64,9841630,9699890
2834.36,2856.41,2859.94,2829.31,15339.07,9699890,9631580
2814.4,2811.01,2826.98,2811.01,7574.27,9631580,9681838
2829.09,2809.24,2833.8,2798.88,16391.46,9681838,9722875
2841.08,2838.28,2844.59,2833.56,13880.17,9722875,9746308
2847.92,2849.97,2856.36,2843.43,18458.08,9746308,9789224
2860.46,2849.58,2865.25,2848.88,23215.57,9789224,9617800
2810.37,2861.9,2862.16,2796.02,17870.62,9617800,9509766
2778.8,2811.93,2811.93,2767.88,19938.52,9509766,9620673
2808.37,2787.02,2813.08,2787.12,15113,9620673,9668551
2822.35,2811.93,2827.06,2806.9,12729.56,9668551,9688755
2828.24,2813.78,2828.24,2812.4,8348.99,9688755,9714928
2835.88,2818.39,2836.42,2819.19,9112.37,9714928,9757009
2848.17,2825.17,2850.34,2822.85,13351.45,9757009,9790214
2857.86,2850.58,2865.59,2848.99,16766.35,9790214,9809543
2863.5,2857.61,2874.86,2849.33,20647.59,9809543,9986834
2915.26,2876.63,2927.87,2876.63,44466.28,9986834,9937429
2900.83,2903.29,2907.98,2894.84,14310.44,9937429,9992499
2916.91,2906.57,2928.47,2905.05,17692.53,9992499,9905359
2891.47,2913.99,2917.02,2888.4,16113.08,9905359,9867979
2880.56,2884.18,2899.04,2877.01,11668.1,9867979,9746858
2843.18,2851.93,2854.16,2831.36,13856.73,9746858,9759808
2846.96,2841.56,2855.85,2835.29,8935.46,9759808,9719587
2835.23,2853.04,2856.87,2827.06,22272.71,9719587,9786001
2854.6,2835.37,2855.52,2835.37,20527.5,9786001,10215745
2850.02,2850.71,2890.01,2845.34,19763.75,10215745,10170347
2837.35,2837.99,2839.92,2822.52,15015.21,10170347,10081749
2812.64,2819.69,2823.05,2808.19,9147.8,10081749,10101065
2818.02,2820.38,2829.72,2814.85,10618.2,10101065,10158047
2818.66,2817.28,2821.45,2798.96,10386.23,10158047,10215926
2832.79,2825.49,2840.18,2823.22,15666.19,10215926,10208765
2830.8,2841.37,2843.99,2822.38,24652.76,10208765,10193035
2826.44,2822.89,2826.75,2814.61,11469.87,10193035,10254201
2843.4,2822.62,2843.65,2822.32,17880.52,10254201,10281973
2851.1,2845.73,2858.37,2845.73,19994.98,10281973,10255437
2843.74,2848,2848.5,2834.99,11871.63,10255437,10207609
2830.48,2842.09,2847.97,2818.78,17787.32,10207609,10177555
2822.15,2819.69,2825.22,2817.41,9771.39,10177555,10241961
2840.01,2829.73,2840.46,2828.98,13370.46,10241961,10207742
2830.52,2830.28,2832.33,2818.97,12889.47,10207742,10237961
2838.9,2820.82,2849.9,2814.05,16886.55,10237961,10299092
2855.85,2845.03,2865.95,2844.66,18963.45,10299092,10361106
2873.04,2861.52,2877.06,2861.35,15009.34,10361106,10373992
2876.62,2862.04,2878.06,2857.75,13373.23,10373992,10465208
2901.91,2896.31,2913.78,2896.63,30583.42,10465208,10686108
2963.16,2901.34,2963.77,2892.42,31225.45,10686108,10750996
2981.16,3002.38,3044.53,2973.72,54901.51,10750996,10889826
3019.65,2999.39,3033.05,2999.39,23388.18,10889826,10797202
2993.97,3015.28,3016.26,2983.3,19335.05,10797202,10767574
2985.75,2980.72,2991.27,2970.36,15909.14,10767574,10751074
2981.18,2982.45,2985.99,2970.38,16621.04,10751074,10796475
2993.77,2976.86,2995.87,2976.86,15507.54,10796475,10780295
